0.8000 0
0.8050 1
0.8100 2
0.8150 3
0.8200 4
0.8250 5
0.8300 6
0.8350 7
0.8400 8
0.8450 9
0.8500 10
0.8550 11
0.8600 12
0.8650 13
0.8700 14
0.8750 15
0.8800 16
0.8850 17
0.8900 18
0.8950 19
0.9000 20
0.9050 21
0.9100 22
0.9150 23
0.9200 24
0.9250 25
0.9300 26
0.9350 27
0.9400 28
0.9450 29
0.9500 30
0.9550 31
0.9600 32
0.9650 33
0.9700 34
0.9750 35
0.9800 36
0.9850 37
0.9900 38
0.9950 39
1.0000 40
1.0050 41
1.0100 42
1.0150 43
1.0200 44
1.0250 45
1.0300 46
1.0350 47
1.0400 48
1.0450 49
1.0500 50
1.0550 51
1.0600 52
1.0650 53
1.0700 54
1.0750 55
1.0800 56
1.0850 57
1.0900 58
1.0950 59
1.1000 60
